0.035861 96
4.430664 1
0.104082 1
0.195241 2
0.003705 123
0.000603 96
11.503633 1
0.126038 1
0.191219 1
0.112342 1
0.242872 1
0.496796 1
0.386707 1
0.290213 1
0.167221 1
0.053803 1
0.246570 1
0.830101 4
0.228142 1
0.200047 1
0.456682 1
0.219673 1
0.107739 1
0.225338 1
1.009779 1
0.251680 1
0.197250 1
0.194437 2
0.392876 96
2.458707 1
0.203920 1
0.196350 1
0.222129 1
0.431443 1
0.217939 1
0.178053 1
0.288909 2
0.004193 27
3.082760 1
0.031533 1
0.042131 1
0.075656 1
0.092616 1
0.380948 35
0.000024 141
1.348648 1
0.142492 1
0.647844 2
0.000053 58
1.026950 1
0.220679 1
0.121524 2
0.000055 116
1.456359 1
3.836009 2
0.000064 52
22.886302 1
0.009669 1
0.020030 1
0.031306 1
0.074682 1
0.034505 1
0.314512 2
0.000034 113
0.000049 141
10.334299 1
0.302072 60
3.582792 1
1.387503 1
0.831907 3
0.420212 3
1.309600 1
0.197901 2
0.000147 58
0.739270 1
0.159644 2
0.000094 58
0.494071 1
0.340786 1
0.166199 1
0.248706 2
0.000078 116
1.292595 1
0.526397 1
0.198909 1
0.191998 1
0.211270 1
0.185657 1
0.195687 1
0.191094 1
0.373962 2
0.000050 118
0.000014 31
0.000010 58
0.000027 25
0.001127 96
4.879367 1
0.300812 1
0.204058 1
0.230575 1
0.259401 2
0.000063 6
