0.056603 96
3.137046 1
0.116394 1
0.218773 1
0.176427 1
0.739652 1
0.543218 1
0.996243 1
0.253552 1
0.156308 1
0.189136 1
0.820052 4
0.485452 4
0.081322 4
0.083066 4
0.084089 4
0.082701 4
0.085035 4
0.084134 4
0.081031 4
0.084891 4
0.082101 1
0.083951 1
0.081968 1
0.362614 1
0.155288 1
0.166576 2
0.004490 110
0.000558 96
1.101440 1
0.133675 1
0.182913 1
0.165127 1
0.297755 1
0.118669 1
0.373564 1
0.220549 1
0.157713 1
0.141211 1
0.174916 1
0.127626 1
0.186565 1
0.152909 1
0.148484 1
0.156014 1
1.214289 1
0.226860 1
0.304263 1
1.854611 2
0.081097 96
3.488677 1
0.227547 1
0.217598 1
0.291224 1
0.385670 1
0.205521 1
0.141758 1
0.364552 2
0.005153 27
2.611730 1
0.050347 1
0.026722 1
0.119622 1
0.119281 1
0.100606 1
0.225469 1
0.276557 2
0.000163 58
0.610527 1
0.051111 1
0.031465 1
0.114527 1
0.132237 1
0.072627 1
0.138516 1
0.642876 2
0.000082 58
1.996471 1
0.158360 2
0.000112 58
1.878537 1
0.167069 2
0.000133 58
1.452163 1
0.129363 2
0.000042 58
2.736525 1
0.311766 2
0.000041 47
3.164536 1
0.366180 1
0.389871 2
0.000144 80
2.850218 1
0.717269 3
0.322914 1
0.559608 2
0.000137 47
1.216570 1
0.130950 1
0.000906 1
0.017914 1
0.141349 1
0.024771 1
0.619821 2
0.000171 80
1.803031 1
0.166888 49
3.445843 1
1.077992 82
1.511867 1
0.664468 1
0.413519 2
0.000077 58
2.263598 1
0.171457 2
0.000165 47
4.792769 1
0.233619 1
0.156011 1
0.706933 2
0.000032 2
0.000038 123
3.747539 1
1.466144 54
3.645675 1
0.869964 1
0.792082 1
0.140666 1
0.263528 2
0.000198 80
1.700795 1
0.495244 2
0.000093 52
4.190973 1
0.058314 1
0.061780 1
0.082039 1
0.018061 1
0.167881 1
0.013982 1
0.006060 1
0.000304 1
0.421852 57
0.000022 25
4.000933 1
0.550991 2
0.000137 52
1.482262 1
0.027418 1
0.053695 1
0.089946 1
0.224596 1
0.001123 1
0.003653 1
0.922763 1
1.067869 2
0.000133 71
2.531784 1
0.334522 2
0.000039 52
1.262989 1
0.174347 1
0.150173 1
0.544926 1
0.304429 1
2.068788 1
0.486441 2
0.000199 71
3.070989 1
1.428349 2
0.000183 52
1.312994 1
0.148831 1
0.160148 1
0.703083 2
0.000044 56
1.286495 1
0.187995 1
0.116977 1
0.514992 1
0.297999 1
0.421874 1
0.364311 2
0.000021 71
2.277840 1
0.141671 2
0.000024 52
0.974061 1
0.170350 1
0.145671 1
0.289885 2
0.000026 56
0.547193 1
0.108307 1
0.142859 1
0.269913 113
3.784190 1
0.258020 2
0.000029 52
1.011544 1
0.097758 1
0.141082 1
0.199284 2
0.000195 56
0.780243 1
0.240751 1
0.210459 1
0.115356 1
0.258767 57
0.000024 25
0.990292 1
1.019673 2
0.000059 52
0.524061 1
0.165687 1
0.336427 1
0.351887 2
0.000141 56
1.091993 1
0.195944 82
1.855798 1
1.987925 3
0.795806 1
0.530211 2
0.000030 52
2.247909 1
0.031984 1
0.013404 1
0.104057 1
0.078174 1
0.050366 1
0.364161 2
0.000057 80
1.867694 1
0.378072 54
1.499331 1
0.034868 1
0.095970 1
0.051615 1
0.072145 1
0.079929 1
0.138203 1
0.061884 1
0.446240 2
0.000077 80
0.989508 1
0.464154 2
0.000158 52
2.542332 1
0.164114 1
0.132167 1
0.229641 2
0.000184 56
1.053882 1
0.017622 1
0.118235 1
0.132109 1
0.267925 4
0.000038 78
0.826771 1
0.483165 2
0.000081 52
4.462507 1
0.259028 1
0.143793 1
0.138247 1
0.252140 82
0.853918 1
0.573365 2
0.000015 2
0.000021 50
0.936483 1
0.159701 1
0.130720 1
0.267402 58
0.771985 1
0.140899 1
0.137185 1
0.289972 2
0.000132 392
5.435656 1
0.632403 3
0.311900 1
0.385496 54
4.492188 1
0.768125 3
1.175917 1
0.177981 1
1.926223 2
0.000149 56
1.115483 1
0.402753 1
0.128011 1
0.449350 2
0.000028 2
0.000016 182
0.000015 208
25.418063 1
0.337598 1
0.443770 2
0.000119 58
4.051727 1
0.373757 1
0.406165 2
0.000136 58
4.606559 1
0.425966 1
0.368259 2
0.000071 58
1.834185 1
0.589043 1
0.517639 2
0.000127 58
3.060268 1
0.929637 2
0.000993 96
2.026901 1
0.490073 1
0.973051 1
1.049574 1
0.633692 2
0.000119 6
